0,
0,
0,
0,
0,
0,
0,
0,
0,
0,
0,
0,
0,
0,
0,
0,
0,
0,
0,
0,
0,
0,
0,
0,
0,
0,
0,
0,
0,
0,
0,
0,
0,
0,
0,
0,
0,
0,
0,
0,
0,
0,
0,
0,
0,
0,
0,
0,
0,
0,
0,
0,
0,
0,
0,
0,
0,
0,
0,
0,
0,
0,
0,
0,
0,
0,
0,
0,
0,
0,
0,
0,
0,
0,
0,
0,
0,
0,
0,
0,
0,
0,
0,
0,
0,
0,
0,
0,
0,
0,
0,
0,
0,
0,
0,
0,
0,
0,
0,
0,
0,
0,
0,
0,
0,
0,
0,
0,
0,
0,
0,
0,
0,
0,
0,
0,
0,
0,
0,
0,
0,
0,
0,
0,
0.0431373,
0.588235,
0.992157,
0.792157,
0.121569,
0,
0,
0,
0,
0,
0,
0,
0,
0,
0,
0,
0,
0,
0,
0,
0,
0,
0,
0,
0,
0,
0,
0,
0.145098,
0.984314,
0.984314,
0.992157,
0.419608,
0,
0,
0,
0,
0,
0,
0,
0,
0,
0,
0,
0,
0,
0,
0,
0,
0,
0,
0,
0,
0,
0,
0.0823529,
0.772549,
0.984314,
0.984314,
0.992157,
0.419608,
0,
0,
0,
0,
0,
0,
0,
0,
0,
0,
0,
0,
0,
0,
0,
0,
0,
0,
0,
0,
0,
0.431373,
0.745098,
0.984314,
0.984314,
0.984314,
0.992157,
0.662745,
0.427451,
0.243137,
0,
0,
0,
0,
0,
0,
0,
0,
0,
0,
0,
0,
0,
0,
0,
0,
0,
0,
0,
0.992157,
0.984314,
0.984314,
0.984314,
0.984314,
0.992157,
0.984314,
0.984314,
0.862745,
0.2,
0,
0,
0,
0,
0,
0,
0,
0,
0,
0,
0,
0,
0,
0,
0,
0,
0,
0.713726,
1,
0.992157,
0.992157,
0.992157,
0.992157,
0.917647,
0.870588,
0.992157,
0.992157,
0.992157,
0,
0,
0,
0,
0,
0,
0,
0,
0,
0,
0,
0,
0,
0,
0,
0,
0.247059,
0.866667,
0.992157,
0.984314,
0.984314,
0.984314,
0.576471,
0.301961,
0.243137,
0.501961,
0.984314,
0.984314,
0.411765,
0,
0,
0,
0,
0,
0,
0,
0,
0,
0,
0,
0,
0,
0,
0.12549,
0.905882,
0.984314,
0.992157,
0.984314,
0.862745,
0.537255,
0.0392157,
0,
0,
0.121569,
0.901961,
0.984314,
0.952941,
0.443137,
0.0196078,
0,
0,
0,
0,
0,
0,
0,
0,
0,
0,
0,
0,
0.145098,
0.984314,
0.984314,
0.992157,
0.737255,
0.0784314,
0,
0,
0,
0,
0,
0.427451,
0.984314,
0.992157,
0.984314,
0.137255,
0,
0,
0,
0,
0,
0,
0,
0,
0,
0,
0,
0,
0.145098,
0.984314,
0.984314,
0.788235,
0.117647,
0,
0,
0,
0,
0,
0,
0.121569,
0.784314,
0.992157,
0.984314,
0.137255,
0,
0,
0,
0,
0,
0,
0,
0,
0,
0,
0,
0,
0.145098,
0.992157,
0.992157,
0,
0,
0,
0,
0,
0,
0,
0,
0.12549,
0.792157,
1,
0.992157,
0.643137,
0,
0,
0,
0,
0,
0,
0,
0,
0,
0,
0,
0,
0.54902,
0.984314,
0.984314,
0,
0,
0,
0,
0,
0,
0,
0,
0.427451,
0.984314,
0.992157,
0.984314,
0.137255,
0,
0,
0,
0,
0,
0,
0,
0,
0,
0,
0,
0,
0.85098,
0.984314,
0.984314,
0,
0,
0,
0,
0,
0,
0.0823529,
0.247059,
0.905882,
0.984314,
0.992157,
0.901961,
0.117647,
0,
0,
0,
0,
0,
0,
0,
0,
0,
0,
0,
0,
0.85098,
0.984314,
0.984314,
0,
0,
0,
0,
0,
0,
0.564706,
0.984314,
0.984314,
0.984314,
0.866667,
0.239216,
0,
0,
0,
0,
0,
0,
0,
0,
0,
0,
0,
0,
0,
0.85098,
0.984314,
0.984314,
0,
0,
0,
0,
0,
0.713726,
0.866667,
0.984314,
0.984314,
0.984314,
0.705882,
0,
0,
0,
0,
0,
0,
0,
0,
0,
0,
0,
0,
0,
0,
0.854902,
0.992157,
0.992157,
0.286275,
0.286275,
0.894118,
0.992157,
0.992157,
1,
0.992157,
0.992157,
0.992157,
0.992157,
0,
0,
0,
0,
0,
0,
0,
0,
0,
0,
0,
0,
0,
0,
0,
0.443137,
0.984314,
0.984314,
0.992157,
0.984314,
0.984314,
0.984314,
0.984314,
0.992157,
0.984314,
0.984314,
0.984314,
0.576471,
0,
0,
0,
0,
0,
0,
0,
0,
0,
0,
0,
0,
0,
0,
0,
0.121569,
0.901961,
0.984314,
0.992157,
0.984314,
0.984314,
0.984314,
0.984314,
0.992157,
0.901961,
0.741176,
0.137255,
0.0392157,
0,
0,
0,
0,
0,
0,
0,
0,
0,
0,
0,
0,
0,
0,
0,
0,
0.243137,
0.556863,
0.992157,
0.984314,
0.984314,
0.984314,
0.984314,
0.992157,
0.419608,
0,
0,
0,
0,
0,
0,
0,
0,
0,
0,
0,
0,
0,
0,
0,
0,
0,
0,
0,
0,
0,
0.282353,
0.682353,
0.984314,
0.678431,
0.278431,
0.282353,
0.117647,
0,
0,
0,
0,
0,
0,
0,
0,
0,
0,
0,
0,
0,
0,
0,
0,
0,
0,
0,
0,
0,
0,
0,
0,
0,
0,
0,
0,
0,
0,
0,
0,
0,
0,
0,
0,
0,
0,
0,
0,
0,
0,
0,
0,
0,
0,
0,
0,
0,
0,
0,
0,
0,
0,
0,
0,
0,
0,
0,
0,
0,
0,
0,
0,
0,
0,
0,
0,
0,
0,
0,
0,
0,
0,
0,
0,
0,
0,
0,
0,
0,
0,
0,
0,
0,
0,
0,
0,
0,
0,
0,
0,
0,
0,
0,
0,
0,
0,
0,
0,
0,
0,
0,
0,
0,
0,
0,
0,
0,
0,
0,
0,
0,
0,
0,
0,
0,
0,
0,
0,
0,
0,
0,
