0.0322771,
-0.1935190,
-0.2079757,
0.0822332,
0.1194702,
0.1363798,
0.0637908,
0.0579226,
-0.3441435,
-0.1321830,
-0.2833144,
0.0835911,
-0.1709153,
0.0831800,
-0.2495768,
-0.2203935,
-0.0586397,
0.0340081,
-0.4732949,
-0.2484122,
-0.1447650,
-0.1620837,
-0.0786778,
0.2257721,
0.0348137,
0.0675551,
0.0863200,
-0.0749704,
-0.3545350,
0.1619973,
-0.0296532,
0.5093704,
0.0882792,
0.0993945,
-0.1323044,
0.0234750,
-0.0221673,
-0.2529565,
0.2492967,
-0.1168536,
-0.1253069,
0.2188219,
0.4173157,
-0.0838774,
-0.2925756,
-0.1266490,
0.1292059,
0.2395383,
0.3120314,
-0.0215533,
0.1748423,
0.0503763,
0.2829326,
0.0590682,
-0.0752897,
0.1095615,
0.0874331,
0.1019719,
0.0427458,
-0.0607069,
-0.0016841,
0.0372928,
-0.3359154,
0.1573162,
